-6;15;2;0.8823529411764706;15;2;0.8823529411764706
-5;6;2;0.75;21;4;0.84
-4;7;3;0.7;28;7;0.8
-3;2;3;0.4;30;10;0.75
-2;1;1;0.5;31;11;0.7380952380952381
0;4;2;0.6666666666666666;35;13;0.7291666666666666
19;0;1;0.0;35;14;0.7142857142857143
21;1;5;0.16666666666666666;36;19;0.6545454545454545
34;1;2;0.3333333333333333;37;21;0.6379310344827587
37;1;0;1.0;38;21;0.6440677966101694
38;2;0;1.0;40;21;0.6557377049180327
48;185;47;0.7974137931034483;225;68;0.7679180887372014
52;0;3;0.0;225;71;0.7601351351351351
91;0;2;0.0;225;73;0.7550335570469798
95;4;1;0.8;229;74;0.7557755775577558
96;23;3;0.8846153846153846;252;77;0.7659574468085106
108;1;1;0.5;253;78;0.7643504531722054
120;1;1;0.5;254;79;0.7627627627627628
122;0;1;0.0;254;80;0.7604790419161677
127;1;0;1.0;255;80;0.7611940298507462
142;0;1;0.0;255;81;0.7589285714285714
148;0;1;0.0;255;82;0.7566765578635015
175;1;0;1.0;256;82;0.757396449704142
185;0;11;0.0;256;93;0.7335243553008596
188;3;1;0.75;259;94;0.7337110481586402
210;0;1;0.0;259;95;0.731638418079096
219;1;2;0.3333333333333333;260;97;0.7282913165266106
239;0;1;0.0;260;98;0.7262569832402235
279;0;7;0.0;260;105;0.7123287671232876
287;0;1;0.0;260;106;0.7103825136612022
305;0;2;0.0;260;108;0.7065217391304348
339;1;2;0.3333333333333333;261;110;0.7035040431266847
343;1;18;0.05263157894736842;262;128;0.6717948717948717
368;0;1;0.0;262;129;0.670076726342711
370;1;0;1.0;263;129;0.6709183673469388
379;1;2;0.3333333333333333;264;131;0.6683544303797468
386;4;0;1.0;268;131;0.6716791979949874
408;2;45;0.0425531914893617;270;176;0.6053811659192825
444;0;1;0.0;270;177;0.6040268456375839
465;1;0;1.0;271;177;0.6049107142857143
487;1;1;0.5;272;178;0.6044444444444445
488;7;14;0.3333333333333333;279;192;0.5923566878980892
