-6;16;1;0.9411764705882353;16;1;0.9411764705882353
-5;7;1;0.875;23;2;0.92
-4;7;3;0.7;30;5;0.8571428571428571
-3;2;3;0.4;32;8;0.8
-2;1;1;0.5;33;9;0.7857142857142857
0;5;1;0.8333333333333334;38;10;0.7916666666666666
5;1;0;1.0;39;10;0.7959183673469388
19;0;1;0.0;39;11;0.78
21;4;2;0.6666666666666666;43;13;0.7678571428571429
34;1;2;0.3333333333333333;44;15;0.7457627118644068
37;1;0;1.0;45;15;0.75
38;2;0;1.0;47;15;0.7580645161290323
48;191;41;0.8232758620689655;238;56;0.8095238095238095
52;2;1;0.6666666666666666;240;57;0.8080808080808081
91;0;2;0.0;240;59;0.802675585284281
95;4;1;0.8;244;60;0.8026315789473685
96;22;4;0.8461538461538461;266;64;0.806060606060606
108;1;1;0.5;267;65;0.8042168674698795
120;1;1;0.5;268;66;0.8023952095808383
122;0;1;0.0;268;67;0.8
127;1;0;1.0;269;67;0.8005952380952381
142;0;1;0.0;269;68;0.798219584569733
148;0;1;0.0;269;69;0.7958579881656804
175;1;0;1.0;270;69;0.7964601769911505
185;0;11;0.0;270;80;0.7714285714285715
188;3;1;0.75;273;81;0.7711864406779662
210;0;1;0.0;273;82;0.7690140845070422
219;1;2;0.3333333333333333;274;84;0.7653631284916201
239;0;1;0.0;274;85;0.7632311977715878
279;0;7;0.0;274;92;0.7486338797814208
287;0;1;0.0;274;93;0.7465940054495913
305;0;2;0.0;274;95;0.7425474254742548
339;1;2;0.3333333333333333;275;97;0.739247311827957
343;1;18;0.05263157894736842;276;115;0.7058823529411765
368;1;0;1.0;277;115;0.7066326530612245
370;1;0;1.0;278;115;0.7073791348600509
379;1;2;0.3333333333333333;279;117;0.7045454545454546
386;4;0;1.0;283;117;0.7075
408;0;5;0.0;283;122;0.6987654320987654
444;0;1;0.0;283;123;0.6970443349753694
465;1;0;1.0;284;123;0.6977886977886978
487;1;1;0.5;285;124;0.6968215158924206
488;11;10;0.5238095238095238;296;134;0.6883720930232559
