-6;16;1;0.9411764705882353;16;1;0.9411764705882353
-5;7;1;0.875;23;2;0.92
-4;7;3;0.7;30;5;0.8571428571428571
-3;2;3;0.4;32;8;0.8
-2;1;1;0.5;33;9;0.7857142857142857
0;5;1;0.8333333333333334;38;10;0.7916666666666666
5;1;0;1.0;39;10;0.7959183673469388
19;0;1;0.0;39;11;0.78
21;4;2;0.6666666666666666;43;13;0.7678571428571429
34;1;2;0.3333333333333333;44;15;0.7457627118644068
37;1;0;1.0;45;15;0.75
38;2;0;1.0;47;15;0.7580645161290323
48;198;32;0.8608695652173913;245;47;0.839041095890411
52;1;0;1.0;246;47;0.8395904436860068
91;0;2;0.0;246;49;0.8338983050847457
95;4;1;0.8;250;50;0.8333333333333334
96;21;4;0.84;271;54;0.8338461538461538
108;1;1;0.5;272;55;0.8318042813455657
120;1;1;0.5;273;56;0.8297872340425532
122;0;1;0.0;273;57;0.8272727272727273
127;1;0;1.0;274;57;0.8277945619335347
142;0;1;0.0;274;58;0.8253012048192772
148;0;1;0.0;274;59;0.8228228228228228
175;1;0;1.0;275;59;0.8233532934131736
185;0;11;0.0;275;70;0.7971014492753623
188;3;1;0.75;278;71;0.7965616045845272
219;1;2;0.3333333333333333;279;73;0.7926136363636364
239;0;1;0.0;279;74;0.7903682719546742
305;0;2;0.0;279;76;0.7859154929577464
339;1;2;0.3333333333333333;280;78;0.7821229050279329
343;1;18;0.05263157894736842;281;96;0.7453580901856764
368;1;0;1.0;282;96;0.746031746031746
370;1;0;1.0;283;96;0.7467018469656992
379;1;2;0.3333333333333333;284;98;0.743455497382199
386;4;0;1.0;288;98;0.7461139896373057
408;0;5;0.0;288;103;0.7365728900255755
444;0;1;0.0;288;104;0.7346938775510204
465;1;0;1.0;289;104;0.7353689567430025
487;1;1;0.5;290;105;0.7341772151898734
488;11;10;0.5238095238095238;301;115;0.7235576923076923
