1;10;2;0.8333333333333334;10;2;0.8333333333333334
2;3;0;1.0;13;2;0.8666666666666667
3;5;3;0.625;18;5;0.782608695652174
4;8;1;0.8888888888888888;26;6;0.8125
5;5;3;0.625;31;9;0.775
6;1;1;0.5;32;10;0.7619047619047619
15;1;0;1.0;33;10;0.7674418604651163
17;1;0;1.0;34;10;0.7727272727272727
21;1;2;0.3333333333333333;35;12;0.7446808510638298
25;0;2;0.0;35;14;0.7142857142857143
34;0;6;0.0;35;20;0.6363636363636364
42;0;2;0.0;35;22;0.6140350877192983
47;0;1;0.0;35;23;0.603448275862069
48;190;63;0.7509881422924901;225;86;0.7234726688102894
52;0;2;0.0;225;88;0.7188498402555911
67;1;1;0.5;226;89;0.7174603174603175
95;5;0;1.0;231;89;0.721875
96;28;3;0.9032258064516129;259;92;0.7378917378917379
107;0;1;0.0;259;93;0.7357954545454546
113;0;1;0.0;259;94;0.7337110481586402
142;1;7;0.125;260;101;0.7202216066481995
148;0;2;0.0;260;103;0.7162534435261708
160;1;0;1.0;261;103;0.717032967032967
162;2;0;1.0;263;103;0.7185792349726776
164;0;1;0.0;263;104;0.7166212534059946
185;8;15;0.34782608695652173;271;119;0.6948717948717948
189;0;2;0.0;271;121;0.6913265306122449
247;0;2;0.0;271;123;0.6878172588832487
259;1;0;1.0;272;123;0.6886075949367089
279;0;4;0.0;272;127;0.681704260651629
287;2;1;0.6666666666666666;274;128;0.681592039800995
305;1;0;1.0;275;128;0.6823821339950372
315;1;0;1.0;276;128;0.6831683168316832
339;0;1;0.0;276;129;0.6814814814814815
343;5;17;0.22727272727272727;281;146;0.65807962529274
346;0;1;0.0;281;147;0.6565420560747663
358;0;2;0.0;281;149;0.6534883720930232
360;0;2;0.0;281;151;0.6504629629629629
367;2;0;1.0;283;151;0.652073732718894
379;3;2;0.6;286;153;0.6514806378132119
386;1;0;1.0;287;153;0.6522727272727272
389;0;1;0.0;287;154;0.6507936507936508
408;5;48;0.09433962264150944;292;202;0.5910931174089069
413;0;1;0.0;292;203;0.5898989898989899
461;0;1;0.0;292;204;0.5887096774193549
477;2;0;1.0;294;204;0.5903614457831325
487;1;1;0.5;295;205;0.59
488;20;12;0.625;315;217;0.5921052631578947
496;0;2;0.0;315;219;0.5898876404494382
500;1;0;1.0;316;219;0.5906542056074766
